subject,file,lineno,LMC,experience-based,statistics-based,tuning machine
flask,C:\Users\Zhifei Chen\Desktop\pysmell\subjects_for_metrics\flask\docs\conf.py,19,2,0,0,0
flask,C:\Users\Zhifei Chen\Desktop\pysmell\subjects_for_metrics\flask\docs\conf.py,19,2,0,0,0
flask,C:\Users\Zhifei Chen\Desktop\pysmell\subjects_for_metrics\flask\docs\conf.py,20,2,0,0,0
flask,C:\Users\Zhifei Chen\Desktop\pysmell\subjects_for_metrics\flask\docs\conf.py,20,2,0,0,0
flask,C:\Users\Zhifei Chen\Desktop\pysmell\subjects_for_metrics\flask\docs\flaskext.py,40,2,0,0,0
flask,C:\Users\Zhifei Chen\Desktop\pysmell\subjects_for_metrics\flask\docs\flaskext.py,53,2,0,0,0
flask,C:\Users\Zhifei Chen\Desktop\pysmell\subjects_for_metrics\flask\docs\flaskext.py,54,2,0,0,0
flask,C:\Users\Zhifei Chen\Desktop\pysmell\subjects_for_metrics\flask\docs\flaskext.py,55,2,0,0,0
flask,C:\Users\Zhifei Chen\Desktop\pysmell\subjects_for_metrics\flask\examples\blueprintexample\test_blueprintexample.py,15,2,0,0,0
flask,C:\Users\Zhifei Chen\Desktop\pysmell\subjects_for_metrics\flask\examples\flaskr\flaskr.py,23,2,0,0,0
flask,C:\Users\Zhifei Chen\Desktop\pysmell\subjects_for_metrics\flask\examples\flaskr\flaskr.py,24,2,0,0,0
flask,C:\Users\Zhifei Chen\Desktop\pysmell\subjects_for_metrics\flask\examples\flaskr\flaskr.py,30,2,0,0,0
flask,C:\Users\Zhifei Chen\Desktop\pysmell\subjects_for_metrics\flask\examples\flaskr\flaskr.py,48,2,0,0,0
flask,C:\Users\Zhifei Chen\Desktop\pysmell\subjects_for_metrics\flask\examples\flaskr\flaskr.py,68,2,0,0,0
flask,C:\Users\Zhifei Chen\Desktop\pysmell\subjects_for_metrics\flask\examples\flaskr\test_flaskr.py,21,2,0,0,0
flask,C:\Users\Zhifei Chen\Desktop\pysmell\subjects_for_metrics\flask\examples\flaskr\test_flaskr.py,22,2,0,0,0
flask,C:\Users\Zhifei Chen\Desktop\pysmell\subjects_for_metrics\flask\examples\flaskr\test_flaskr.py,23,2,0,0,0
flask,C:\Users\Zhifei Chen\Desktop\pysmell\subjects_for_metrics\flask\examples\flaskr\test_flaskr.py,24,2,0,0,0
flask,C:\Users\Zhifei Chen\Desktop\pysmell\subjects_for_metrics\flask\examples\flaskr\test_flaskr.py,29,2,0,0,0
flask,C:\Users\Zhifei Chen\Desktop\pysmell\subjects_for_metrics\flask\examples\flaskr\test_flaskr.py,54,2,0,0,0
flask,C:\Users\Zhifei Chen\Desktop\pysmell\subjects_for_metrics\flask\examples\flaskr\test_flaskr.py,55,2,0,0,0
flask,C:\Users\Zhifei Chen\Desktop\pysmell\subjects_for_metrics\flask\examples\flaskr\test_flaskr.py,59,2,0,0,0
flask,C:\Users\Zhifei Chen\Desktop\pysmell\subjects_for_metrics\flask\examples\flaskr\test_flaskr.py,60,2,0,0,0
flask,C:\Users\Zhifei Chen\Desktop\pysmell\subjects_for_metrics\flask\examples\flaskr\test_flaskr.py,62,2,0,0,0
flask,C:\Users\Zhifei Chen\Desktop\pysmell\subjects_for_metrics\flask\examples\flaskr\test_flaskr.py,63,2,0,0,0
flask,C:\Users\Zhifei Chen\Desktop\pysmell\subjects_for_metrics\flask\examples\flaskr\test_flaskr.py,69,2,0,0,0
flask,C:\Users\Zhifei Chen\Desktop\pysmell\subjects_for_metrics\flask\examples\flaskr\test_flaskr.py,70,2,0,0,0
flask,C:\Users\Zhifei Chen\Desktop\pysmell\subjects_for_metrics\flask\examples\jqueryexample\jqueryexample.py,18,2,0,0,0
flask,C:\Users\Zhifei Chen\Desktop\pysmell\subjects_for_metrics\flask\examples\jqueryexample\jqueryexample.py,19,2,0,0,0
flask,C:\Users\Zhifei Chen\Desktop\pysmell\subjects_for_metrics\flask\examples\minitwit\minitwit.py,29,2,0,0,0
flask,C:\Users\Zhifei Chen\Desktop\pysmell\subjects_for_metrics\flask\examples\minitwit\minitwit.py,30,2,0,0,0
flask,C:\Users\Zhifei Chen\Desktop\pysmell\subjects_for_metrics\flask\examples\minitwit\minitwit.py,40,2,0,0,0
flask,C:\Users\Zhifei Chen\Desktop\pysmell\subjects_for_metrics\flask\examples\minitwit\minitwit.py,49,2,0,0,0
flask,C:\Users\Zhifei Chen\Desktop\pysmell\subjects_for_metrics\flask\examples\minitwit\minitwit.py,60,2,0,0,0
flask,C:\Users\Zhifei Chen\Desktop\pysmell\subjects_for_metrics\flask\examples\minitwit\minitwit.py,255,2,0,0,0
flask,C:\Users\Zhifei Chen\Desktop\pysmell\subjects_for_metrics\flask\examples\minitwit\minitwit.py,256,2,0,0,0
flask,C:\Users\Zhifei Chen\Desktop\pysmell\subjects_for_metrics\flask\examples\minitwit\test_minitwit.py,19,2,0,0,0
flask,C:\Users\Zhifei Chen\Desktop\pysmell\subjects_for_metrics\flask\examples\minitwit\test_minitwit.py,20,2,0,0,0
flask,C:\Users\Zhifei Chen\Desktop\pysmell\subjects_for_metrics\flask\examples\minitwit\test_minitwit.py,21,2,0,0,0
flask,C:\Users\Zhifei Chen\Desktop\pysmell\subjects_for_metrics\flask\examples\minitwit\test_minitwit.py,27,2,0,0,0
flask,C:\Users\Zhifei Chen\Desktop\pysmell\subjects_for_metrics\flask\examples\persona\persona.py,7,2,0,0,0
flask,C:\Users\Zhifei Chen\Desktop\pysmell\subjects_for_metrics\flask\examples\persona\persona.py,13,2,0,0,0
flask,C:\Users\Zhifei Chen\Desktop\pysmell\subjects_for_metrics\flask\flask\app.py,347,2,0,0,0
flask,C:\Users\Zhifei Chen\Desktop\pysmell\subjects_for_metrics\flask\flask\app.py,566,2,0,0,0
flask,C:\Users\Zhifei Chen\Desktop\pysmell\subjects_for_metrics\flask\flask\app.py,566,2,0,0,0
flask,C:\Users\Zhifei Chen\Desktop\pysmell\subjects_for_metrics\flask\flask\app.py,607,2,0,0,0
flask,C:\Users\Zhifei Chen\Desktop\pysmell\subjects_for_metrics\flask\flask\app.py,610,2,0,0,0
flask,C:\Users\Zhifei Chen\Desktop\pysmell\subjects_for_metrics\flask\flask\app.py,654,2,0,0,0
flask,C:\Users\Zhifei Chen\Desktop\pysmell\subjects_for_metrics\flask\flask\app.py,655,2,0,0,0
flask,C:\Users\Zhifei Chen\Desktop\pysmell\subjects_for_metrics\flask\flask\app.py,667,2,0,0,0
flask,C:\Users\Zhifei Chen\Desktop\pysmell\subjects_for_metrics\flask\flask\app.py,689,2,0,0,0
flask,C:\Users\Zhifei Chen\Desktop\pysmell\subjects_for_metrics\flask\flask\app.py,749,2,0,0,0
flask,C:\Users\Zhifei Chen\Desktop\pysmell\subjects_for_metrics\flask\flask\app.py,898,2,0,0,0
flask,C:\Users\Zhifei Chen\Desktop\pysmell\subjects_for_metrics\flask\flask\app.py,910,2,0,0,0
flask,C:\Users\Zhifei Chen\Desktop\pysmell\subjects_for_metrics\flask\flask\app.py,918,2,0,0,0
flask,C:\Users\Zhifei Chen\Desktop\pysmell\subjects_for_metrics\flask\flask\app.py,935,2,0,0,0
flask,C:\Users\Zhifei Chen\Desktop\pysmell\subjects_for_metrics\flask\flask\app.py,1032,2,0,0,0
flask,C:\Users\Zhifei Chen\Desktop\pysmell\subjects_for_metrics\flask\flask\app.py,1034,2,0,0,0
flask,C:\Users\Zhifei Chen\Desktop\pysmell\subjects_for_metrics\flask\flask\app.py,1172,2,0,0,0
flask,C:\Users\Zhifei Chen\Desktop\pysmell\subjects_for_metrics\flask\flask\app.py,1201,2,0,0,0
flask,C:\Users\Zhifei Chen\Desktop\pysmell\subjects_for_metrics\flask\flask\app.py,1238,2,0,0,0
flask,C:\Users\Zhifei Chen\Desktop\pysmell\subjects_for_metrics\flask\flask\app.py,1270,2,0,0,0
flask,C:\Users\Zhifei Chen\Desktop\pysmell\subjects_for_metrics\flask\flask\app.py,1281,2,0,0,0
flask,C:\Users\Zhifei Chen\Desktop\pysmell\subjects_for_metrics\flask\flask\app.py,1294,2,0,0,0
flask,C:\Users\Zhifei Chen\Desktop\pysmell\subjects_for_metrics\flask\flask\app.py,1308,2,0,0,0
flask,C:\Users\Zhifei Chen\Desktop\pysmell\subjects_for_metrics\flask\flask\app.py,1347,2,0,0,0
flask,C:\Users\Zhifei Chen\Desktop\pysmell\subjects_for_metrics\flask\flask\app.py,1378,2,0,0,0
flask,C:\Users\Zhifei Chen\Desktop\pysmell\subjects_for_metrics\flask\flask\app.py,1393,2,0,0,0
flask,C:\Users\Zhifei Chen\Desktop\pysmell\subjects_for_metrics\flask\flask\app.py,1402,2,0,0,0
flask,C:\Users\Zhifei Chen\Desktop\pysmell\subjects_for_metrics\flask\flask\app.py,1411,2,0,0,0
flask,C:\Users\Zhifei Chen\Desktop\pysmell\subjects_for_metrics\flask\flask\app.py,1443,2,0,0,0
flask,C:\Users\Zhifei Chen\Desktop\pysmell\subjects_for_metrics\flask\flask\app.py,1553,2,0,0,0
flask,C:\Users\Zhifei Chen\Desktop\pysmell\subjects_for_metrics\flask\flask\app.py,1584,2,0,0,0
flask,C:\Users\Zhifei Chen\Desktop\pysmell\subjects_for_metrics\flask\flask\app.py,1639,2,0,0,0
flask,C:\Users\Zhifei Chen\Desktop\pysmell\subjects_for_metrics\flask\flask\app.py,1652,2,0,0,0
flask,C:\Users\Zhifei Chen\Desktop\pysmell\subjects_for_metrics\flask\flask\app.py,1715,2,0,0,0
flask,C:\Users\Zhifei Chen\Desktop\pysmell\subjects_for_metrics\flask\flask\app.py,1723,2,0,0,0
flask,C:\Users\Zhifei Chen\Desktop\pysmell\subjects_for_metrics\flask\flask\app.py,1739,2,0,0,0
flask,C:\Users\Zhifei Chen\Desktop\pysmell\subjects_for_metrics\flask\flask\app.py,1744,2,0,0,0
flask,C:\Users\Zhifei Chen\Desktop\pysmell\subjects_for_metrics\flask\flask\app.py,1756,2,0,0,0
flask,C:\Users\Zhifei Chen\Desktop\pysmell\subjects_for_metrics\flask\flask\app.py,1759,2,0,0,0
flask,C:\Users\Zhifei Chen\Desktop\pysmell\subjects_for_metrics\flask\flask\app.py,1794,3,0,0,0
flask,C:\Users\Zhifei Chen\Desktop\pysmell\subjects_for_metrics\flask\flask\app.py,1796,2,0,0,0
flask,C:\Users\Zhifei Chen\Desktop\pysmell\subjects_for_metrics\flask\flask\app.py,1802,2,0,0,0
flask,C:\Users\Zhifei Chen\Desktop\pysmell\subjects_for_metrics\flask\flask\app.py,1824,2,0,0,0
flask,C:\Users\Zhifei Chen\Desktop\pysmell\subjects_for_metrics\flask\flask\app.py,1832,2,0,0,0
flask,C:\Users\Zhifei Chen\Desktop\pysmell\subjects_for_metrics\flask\flask\app.py,1849,2,0,0,0
flask,C:\Users\Zhifei Chen\Desktop\pysmell\subjects_for_metrics\flask\flask\app.py,1850,3,0,0,0
flask,C:\Users\Zhifei Chen\Desktop\pysmell\subjects_for_metrics\flask\flask\app.py,1973,2,0,0,0
flask,C:\Users\Zhifei Chen\Desktop\pysmell\subjects_for_metrics\flask\flask\blueprints.py,41,2,0,0,0
flask,C:\Users\Zhifei Chen\Desktop\pysmell\subjects_for_metrics\flask\flask\blueprints.py,43,2,0,0,0
flask,C:\Users\Zhifei Chen\Desktop\pysmell\subjects_for_metrics\flask\flask\blueprints.py,49,2,0,0,0
flask,C:\Users\Zhifei Chen\Desktop\pysmell\subjects_for_metrics\flask\flask\blueprints.py,51,2,0,0,0
flask,C:\Users\Zhifei Chen\Desktop\pysmell\subjects_for_metrics\flask\flask\blueprints.py,59,2,0,0,0
flask,C:\Users\Zhifei Chen\Desktop\pysmell\subjects_for_metrics\flask\flask\blueprints.py,60,2,0,0,0
flask,C:\Users\Zhifei Chen\Desktop\pysmell\subjects_for_metrics\flask\flask\blueprints.py,60,2,0,0,0
flask,C:\Users\Zhifei Chen\Desktop\pysmell\subjects_for_metrics\flask\flask\blueprints.py,75,2,0,0,0
flask,C:\Users\Zhifei Chen\Desktop\pysmell\subjects_for_metrics\flask\flask\blueprints.py,75,2,0,0,0
flask,C:\Users\Zhifei Chen\Desktop\pysmell\subjects_for_metrics\flask\flask\blueprints.py,119,2,0,0,0
flask,C:\Users\Zhifei Chen\Desktop\pysmell\subjects_for_metrics\flask\flask\blueprints.py,184,2,0,0,0
flask,C:\Users\Zhifei Chen\Desktop\pysmell\subjects_for_metrics\flask\flask\blueprints.py,210,3,0,0,0
flask,C:\Users\Zhifei Chen\Desktop\pysmell\subjects_for_metrics\flask\flask\blueprints.py,238,3,0,0,0
flask,C:\Users\Zhifei Chen\Desktop\pysmell\subjects_for_metrics\flask\flask\blueprints.py,266,3,0,0,0
flask,C:\Users\Zhifei Chen\Desktop\pysmell\subjects_for_metrics\flask\flask\blueprints.py,274,3,0,0,0
flask,C:\Users\Zhifei Chen\Desktop\pysmell\subjects_for_metrics\flask\flask\blueprints.py,282,3,0,0,0
flask,C:\Users\Zhifei Chen\Desktop\pysmell\subjects_for_metrics\flask\flask\blueprints.py,290,3,0,0,0
flask,C:\Users\Zhifei Chen\Desktop\pysmell\subjects_for_metrics\flask\flask\blueprints.py,298,3,0,0,0
flask,C:\Users\Zhifei Chen\Desktop\pysmell\subjects_for_metrics\flask\flask\blueprints.py,306,3,0,0,0
flask,C:\Users\Zhifei Chen\Desktop\pysmell\subjects_for_metrics\flask\flask\blueprints.py,317,3,0,0,0
flask,C:\Users\Zhifei Chen\Desktop\pysmell\subjects_for_metrics\flask\flask\blueprints.py,326,3,0,0,0
flask,C:\Users\Zhifei Chen\Desktop\pysmell\subjects_for_metrics\flask\flask\blueprints.py,334,3,0,0,0
flask,C:\Users\Zhifei Chen\Desktop\pysmell\subjects_for_metrics\flask\flask\blueprints.py,342,3,0,0,0
flask,C:\Users\Zhifei Chen\Desktop\pysmell\subjects_for_metrics\flask\flask\blueprints.py,351,2,0,0,0
flask,C:\Users\Zhifei Chen\Desktop\pysmell\subjects_for_metrics\flask\flask\blueprints.py,360,3,0,0,0
flask,C:\Users\Zhifei Chen\Desktop\pysmell\subjects_for_metrics\flask\flask\blueprints.py,369,3,0,0,0
flask,C:\Users\Zhifei Chen\Desktop\pysmell\subjects_for_metrics\flask\flask\blueprints.py,376,3,0,0,0
flask,C:\Users\Zhifei Chen\Desktop\pysmell\subjects_for_metrics\flask\flask\blueprints.py,383,3,0,0,0
flask,C:\Users\Zhifei Chen\Desktop\pysmell\subjects_for_metrics\flask\flask\blueprints.py,399,2,0,0,0
flask,C:\Users\Zhifei Chen\Desktop\pysmell\subjects_for_metrics\flask\flask\blueprints.py,412,2,0,0,0
flask,C:\Users\Zhifei Chen\Desktop\pysmell\subjects_for_metrics\flask\flask\cli.py,59,2,0,0,0
flask,C:\Users\Zhifei Chen\Desktop\pysmell\subjects_for_metrics\flask\flask\cli.py,60,2,0,0,0
flask,C:\Users\Zhifei Chen\Desktop\pysmell\subjects_for_metrics\flask\flask\cli.py,66,2,0,0,0
flask,C:\Users\Zhifei Chen\Desktop\pysmell\subjects_for_metrics\flask\flask\cli.py,70,2,0,0,0
flask,C:\Users\Zhifei Chen\Desktop\pysmell\subjects_for_metrics\flask\flask\cli.py,72,2,0,0,0
flask,C:\Users\Zhifei Chen\Desktop\pysmell\subjects_for_metrics\flask\flask\cli.py,72,2,0,0,0
flask,C:\Users\Zhifei Chen\Desktop\pysmell\subjects_for_metrics\flask\flask\cli.py,75,2,0,0,0
flask,C:\Users\Zhifei Chen\Desktop\pysmell\subjects_for_metrics\flask\flask\cli.py,219,2,0,0,0
flask,C:\Users\Zhifei Chen\Desktop\pysmell\subjects_for_metrics\flask\flask\cli.py,222,2,0,0,0
flask,C:\Users\Zhifei Chen\Desktop\pysmell\subjects_for_metrics\flask\flask\cli.py,253,2,0,0,0
flask,C:\Users\Zhifei Chen\Desktop\pysmell\subjects_for_metrics\flask\flask\cli.py,262,2,0,0,0
flask,C:\Users\Zhifei Chen\Desktop\pysmell\subjects_for_metrics\flask\flask\cli.py,324,2,0,0,0
flask,C:\Users\Zhifei Chen\Desktop\pysmell\subjects_for_metrics\flask\flask\cli.py,414,2,0,0,0
flask,C:\Users\Zhifei Chen\Desktop\pysmell\subjects_for_metrics\flask\flask\cli.py,440,2,0,0,0
flask,C:\Users\Zhifei Chen\Desktop\pysmell\subjects_for_metrics\flask\flask\cli.py,452,2,0,0,0
flask,C:\Users\Zhifei Chen\Desktop\pysmell\subjects_for_metrics\flask\flask\cli.py,453,2,0,0,0
flask,C:\Users\Zhifei Chen\Desktop\pysmell\subjects_for_metrics\flask\flask\config.py,100,2,0,0,0
flask,C:\Users\Zhifei Chen\Desktop\pysmell\subjects_for_metrics\flask\flask\config.py,125,2,0,0,0
flask,C:\Users\Zhifei Chen\Desktop\pysmell\subjects_for_metrics\flask\flask\config.py,181,2,0,0,0
flask,C:\Users\Zhifei Chen\Desktop\pysmell\subjects_for_metrics\flask\flask\config.py,258,2,0,0,0
flask,C:\Users\Zhifei Chen\Desktop\pysmell\subjects_for_metrics\flask\flask\ctx.py,32,2,0,0,0
flask,C:\Users\Zhifei Chen\Desktop\pysmell\subjects_for_metrics\flask\flask\ctx.py,36,2,0,0,0
flask,C:\Users\Zhifei Chen\Desktop\pysmell\subjects_for_metrics\flask\flask\ctx.py,38,2,0,0,0
flask,C:\Users\Zhifei Chen\Desktop\pysmell\subjects_for_metrics\flask\flask\ctx.py,41,2,0,0,0
flask,C:\Users\Zhifei Chen\Desktop\pysmell\subjects_for_metrics\flask\flask\ctx.py,52,2,0,0,0
flask,C:\Users\Zhifei Chen\Desktop\pysmell\subjects_for_metrics\flask\flask\ctx.py,77,3,0,0,0
flask,C:\Users\Zhifei Chen\Desktop\pysmell\subjects_for_metrics\flask\flask\ctx.py,190,2,0,0,0
flask,C:\Users\Zhifei Chen\Desktop\pysmell\subjects_for_metrics\flask\flask\ctx.py,268,2,0,0,0
flask,C:\Users\Zhifei Chen\Desktop\pysmell\subjects_for_metrics\flask\flask\ctx.py,270,2,0,0,0
flask,C:\Users\Zhifei Chen\Desktop\pysmell\subjects_for_metrics\flask\flask\ctx.py,284,2,0,0,0
flask,C:\Users\Zhifei Chen\Desktop\pysmell\subjects_for_metrics\flask\flask\ctx.py,317,2,0,0,0
flask,C:\Users\Zhifei Chen\Desktop\pysmell\subjects_for_metrics\flask\flask\ctx.py,319,2,0,0,0
flask,C:\Users\Zhifei Chen\Desktop\pysmell\subjects_for_metrics\flask\flask\ctx.py,321,2,0,0,0
flask,C:\Users\Zhifei Chen\Desktop\pysmell\subjects_for_metrics\flask\flask\ctx.py,332,2,0,0,0
flask,C:\Users\Zhifei Chen\Desktop\pysmell\subjects_for_metrics\flask\flask\ctx.py,334,2,0,0,0
flask,C:\Users\Zhifei Chen\Desktop\pysmell\subjects_for_metrics\flask\flask\ctx.py,344,2,0,0,0
flask,C:\Users\Zhifei Chen\Desktop\pysmell\subjects_for_metrics\flask\flask\ctx.py,352,2,0,0,0
flask,C:\Users\Zhifei Chen\Desktop\pysmell\subjects_for_metrics\flask\flask\ctx.py,373,2,0,0,0
flask,C:\Users\Zhifei Chen\Desktop\pysmell\subjects_for_metrics\flask\flask\ctx.py,380,3,0,0,0
flask,C:\Users\Zhifei Chen\Desktop\pysmell\subjects_for_metrics\flask\flask\ctx.py,381,2,0,0,0
flask,C:\Users\Zhifei Chen\Desktop\pysmell\subjects_for_metrics\flask\flask\ctx.py,404,2,0,0,0
flask,C:\Users\Zhifei Chen\Desktop\pysmell\subjects_for_metrics\flask\flask\ctx.py,405,2,0,0,0
flask,C:\Users\Zhifei Chen\Desktop\pysmell\subjects_for_metrics\flask\flask\ctx.py,406,2,0,0,0
flask,C:\Users\Zhifei Chen\Desktop\pysmell\subjects_for_metrics\flask\flask\ctx.py,407,2,0,0,0
flask,C:\Users\Zhifei Chen\Desktop\pysmell\subjects_for_metrics\flask\flask\debughelpers.py,30,2,0,0,0
flask,C:\Users\Zhifei Chen\Desktop\pysmell\subjects_for_metrics\flask\flask\debughelpers.py,60,2,0,0,0
flask,C:\Users\Zhifei Chen\Desktop\pysmell\subjects_for_metrics\flask\flask\debughelpers.py,79,2,0,0,0
flask,C:\Users\Zhifei Chen\Desktop\pysmell\subjects_for_metrics\flask\flask\debughelpers.py,90,2,0,0,0
flask,C:\Users\Zhifei Chen\Desktop\pysmell\subjects_for_metrics\flask\flask\debughelpers.py,95,2,0,0,0
flask,C:\Users\Zhifei Chen\Desktop\pysmell\subjects_for_metrics\flask\flask\debughelpers.py,116,2,0,0,0
flask,C:\Users\Zhifei Chen\Desktop\pysmell\subjects_for_metrics\flask\flask\debughelpers.py,117,2,0,0,0
flask,C:\Users\Zhifei Chen\Desktop\pysmell\subjects_for_metrics\flask\flask\debughelpers.py,155,2,0,0,0
flask,C:\Users\Zhifei Chen\Desktop\pysmell\subjects_for_metrics\flask\flask\exthook.py,40,2,0,0,0
flask,C:\Users\Zhifei Chen\Desktop\pysmell\subjects_for_metrics\flask\flask\exthook.py,40,2,0,0,0
flask,C:\Users\Zhifei Chen\Desktop\pysmell\subjects_for_metrics\flask\flask\exthook.py,41,2,0,0,0
flask,C:\Users\Zhifei Chen\Desktop\pysmell\subjects_for_metrics\flask\flask\exthook.py,41,2,0,0,0
flask,C:\Users\Zhifei Chen\Desktop\pysmell\subjects_for_metrics\flask\flask\exthook.py,103,2,0,0,0
flask,C:\Users\Zhifei Chen\Desktop\pysmell\subjects_for_metrics\flask\flask\exthook.py,117,2,0,0,0
flask,C:\Users\Zhifei Chen\Desktop\pysmell\subjects_for_metrics\flask\flask\exthook.py,117,3,0,0,0
flask,C:\Users\Zhifei Chen\Desktop\pysmell\subjects_for_metrics\flask\flask\exthook.py,118,2,0,0,0
flask,C:\Users\Zhifei Chen\Desktop\pysmell\subjects_for_metrics\flask\flask\exthook.py,118,2,0,0,0
flask,C:\Users\Zhifei Chen\Desktop\pysmell\subjects_for_metrics\flask\flask\exthook.py,120,2,0,0,0
flask,C:\Users\Zhifei Chen\Desktop\pysmell\subjects_for_metrics\flask\flask\helpers.py,52,2,0,0,0
flask,C:\Users\Zhifei Chen\Desktop\pysmell\subjects_for_metrics\flask\flask\helpers.py,52,2,0,0,0
flask,C:\Users\Zhifei Chen\Desktop\pysmell\subjects_for_metrics\flask\flask\helpers.py,271,2,0,0,0
flask,C:\Users\Zhifei Chen\Desktop\pysmell\subjects_for_metrics\flask\flask\helpers.py,300,2,0,0,0
flask,C:\Users\Zhifei Chen\Desktop\pysmell\subjects_for_metrics\flask\flask\helpers.py,342,2,0,0,0
flask,C:\Users\Zhifei Chen\Desktop\pysmell\subjects_for_metrics\flask\flask\helpers.py,403,2,0,0,0
flask,C:\Users\Zhifei Chen\Desktop\pysmell\subjects_for_metrics\flask\flask\helpers.py,405,2,0,0,0
flask,C:\Users\Zhifei Chen\Desktop\pysmell\subjects_for_metrics\flask\flask\helpers.py,495,2,0,0,0
flask,C:\Users\Zhifei Chen\Desktop\pysmell\subjects_for_metrics\flask\flask\helpers.py,496,2,0,0,0
flask,C:\Users\Zhifei Chen\Desktop\pysmell\subjects_for_metrics\flask\flask\helpers.py,508,2,0,0,0
flask,C:\Users\Zhifei Chen\Desktop\pysmell\subjects_for_metrics\flask\flask\helpers.py,516,2,0,0,0
flask,C:\Users\Zhifei Chen\Desktop\pysmell\subjects_for_metrics\flask\flask\helpers.py,521,2,0,0,0
flask,C:\Users\Zhifei Chen\Desktop\pysmell\subjects_for_metrics\flask\flask\helpers.py,522,2,0,0,0
flask,C:\Users\Zhifei Chen\Desktop\pysmell\subjects_for_metrics\flask\flask\helpers.py,533,2,0,0,0
flask,C:\Users\Zhifei Chen\Desktop\pysmell\subjects_for_metrics\flask\flask\helpers.py,537,2,0,0,0
flask,C:\Users\Zhifei Chen\Desktop\pysmell\subjects_for_metrics\flask\flask\helpers.py,559,2,0,0,0
flask,C:\Users\Zhifei Chen\Desktop\pysmell\subjects_for_metrics\flask\flask\helpers.py,583,2,0,0,0
flask,C:\Users\Zhifei Chen\Desktop\pysmell\subjects_for_metrics\flask\flask\helpers.py,587,2,0,0,0
flask,C:\Users\Zhifei Chen\Desktop\pysmell\subjects_for_metrics\flask\flask\helpers.py,618,2,0,0,0
flask,C:\Users\Zhifei Chen\Desktop\pysmell\subjects_for_metrics\flask\flask\helpers.py,619,2,0,0,0
flask,C:\Users\Zhifei Chen\Desktop\pysmell\subjects_for_metrics\flask\flask\helpers.py,620,2,0,0,0
flask,C:\Users\Zhifei Chen\Desktop\pysmell\subjects_for_metrics\flask\flask\helpers.py,633,2,0,0,0
flask,C:\Users\Zhifei Chen\Desktop\pysmell\subjects_for_metrics\flask\flask\helpers.py,635,2,0,0,0
flask,C:\Users\Zhifei Chen\Desktop\pysmell\subjects_for_metrics\flask\flask\helpers.py,635,2,0,0,0
flask,C:\Users\Zhifei Chen\Desktop\pysmell\subjects_for_metrics\flask\flask\helpers.py,669,2,0,0,0
flask,C:\Users\Zhifei Chen\Desktop\pysmell\subjects_for_metrics\flask\flask\helpers.py,669,2,0,0,0
flask,C:\Users\Zhifei Chen\Desktop\pysmell\subjects_for_metrics\flask\flask\helpers.py,683,2,0,0,0
flask,C:\Users\Zhifei Chen\Desktop\pysmell\subjects_for_metrics\flask\flask\helpers.py,684,2,0,0,0
flask,C:\Users\Zhifei Chen\Desktop\pysmell\subjects_for_metrics\flask\flask\helpers.py,692,2,0,0,0
flask,C:\Users\Zhifei Chen\Desktop\pysmell\subjects_for_metrics\flask\flask\helpers.py,723,2,0,0,0
flask,C:\Users\Zhifei Chen\Desktop\pysmell\subjects_for_metrics\flask\flask\helpers.py,723,2,0,0,0
flask,C:\Users\Zhifei Chen\Desktop\pysmell\subjects_for_metrics\flask\flask\helpers.py,730,2,0,0,0
flask,C:\Users\Zhifei Chen\Desktop\pysmell\subjects_for_metrics\flask\flask\helpers.py,732,2,0,0,0
flask,C:\Users\Zhifei Chen\Desktop\pysmell\subjects_for_metrics\flask\flask\helpers.py,733,2,0,0,0
flask,C:\Users\Zhifei Chen\Desktop\pysmell\subjects_for_metrics\flask\flask\helpers.py,737,2,0,0,0
flask,C:\Users\Zhifei Chen\Desktop\pysmell\subjects_for_metrics\flask\flask\helpers.py,742,2,0,0,0
flask,C:\Users\Zhifei Chen\Desktop\pysmell\subjects_for_metrics\flask\flask\helpers.py,743,2,0,0,0
flask,C:\Users\Zhifei Chen\Desktop\pysmell\subjects_for_metrics\flask\flask\helpers.py,769,2,0,0,0
flask,C:\Users\Zhifei Chen\Desktop\pysmell\subjects_for_metrics\flask\flask\helpers.py,798,2,0,0,0
flask,C:\Users\Zhifei Chen\Desktop\pysmell\subjects_for_metrics\flask\flask\helpers.py,810,2,0,0,0
flask,C:\Users\Zhifei Chen\Desktop\pysmell\subjects_for_metrics\flask\flask\helpers.py,832,2,0,0,0
flask,C:\Users\Zhifei Chen\Desktop\pysmell\subjects_for_metrics\flask\flask\helpers.py,900,2,0,0,0
flask,C:\Users\Zhifei Chen\Desktop\pysmell\subjects_for_metrics\flask\flask\json.py,83,2,0,0,0
flask,C:\Users\Zhifei Chen\Desktop\pysmell\subjects_for_metrics\flask\flask\logging.py,39,2,0,0,0
flask,C:\Users\Zhifei Chen\Desktop\pysmell\subjects_for_metrics\flask\flask\sessions.py,326,2,0,0,0
flask,C:\Users\Zhifei Chen\Desktop\pysmell\subjects_for_metrics\flask\flask\templating.py,55,2,0,0,0
flask,C:\Users\Zhifei Chen\Desktop\pysmell\subjects_for_metrics\flask\flask\templating.py,79,2,0,0,0
flask,C:\Users\Zhifei Chen\Desktop\pysmell\subjects_for_metrics\flask\flask\templating.py,83,2,0,0,0
flask,C:\Users\Zhifei Chen\Desktop\pysmell\subjects_for_metrics\flask\flask\templating.py,90,2,0,0,0
flask,C:\Users\Zhifei Chen\Desktop\pysmell\subjects_for_metrics\flask\flask\templating.py,94,2,0,0,0
flask,C:\Users\Zhifei Chen\Desktop\pysmell\subjects_for_metrics\flask\flask\templating.py,123,2,0,0,0
flask,C:\Users\Zhifei Chen\Desktop\pysmell\subjects_for_metrics\flask\flask\templating.py,124,3,0,0,0
flask,C:\Users\Zhifei Chen\Desktop\pysmell\subjects_for_metrics\flask\flask\templating.py,138,2,0,0,0
flask,C:\Users\Zhifei Chen\Desktop\pysmell\subjects_for_metrics\flask\flask\templating.py,139,3,0,0,0
flask,C:\Users\Zhifei Chen\Desktop\pysmell\subjects_for_metrics\flask\flask\testing.py,25,2,0,0,0
flask,C:\Users\Zhifei Chen\Desktop\pysmell\subjects_for_metrics\flask\flask\testing.py,26,2,0,0,0
flask,C:\Users\Zhifei Chen\Desktop\pysmell\subjects_for_metrics\flask\flask\testing.py,73,2,0,0,0
flask,C:\Users\Zhifei Chen\Desktop\pysmell\subjects_for_metrics\flask\flask\testing.py,95,2,0,0,0
flask,C:\Users\Zhifei Chen\Desktop\pysmell\subjects_for_metrics\flask\flask\testing.py,97,2,0,0,0
flask,C:\Users\Zhifei Chen\Desktop\pysmell\subjects_for_metrics\flask\flask\testing.py,98,2,0,0,0
flask,C:\Users\Zhifei Chen\Desktop\pysmell\subjects_for_metrics\flask\flask\testing.py,98,2,0,0,0
flask,C:\Users\Zhifei Chen\Desktop\pysmell\subjects_for_metrics\flask\flask\views.py,143,2,0,0,0
flask,C:\Users\Zhifei Chen\Desktop\pysmell\subjects_for_metrics\flask\flask\wrappers.py,67,2,0,0,0
flask,C:\Users\Zhifei Chen\Desktop\pysmell\subjects_for_metrics\flask\flask\wrappers.py,77,2,0,0,0
flask,C:\Users\Zhifei Chen\Desktop\pysmell\subjects_for_metrics\flask\flask\wrappers.py,95,2,0,0,0
flask,C:\Users\Zhifei Chen\Desktop\pysmell\subjects_for_metrics\flask\flask\wrappers.py,96,3,0,0,0
flask,C:\Users\Zhifei Chen\Desktop\pysmell\subjects_for_metrics\flask\flask\wrappers.py,149,2,0,0,0
flask,C:\Users\Zhifei Chen\Desktop\pysmell\subjects_for_metrics\flask\flask\wrappers.py,178,3,0,0,0
flask,C:\Users\Zhifei Chen\Desktop\pysmell\subjects_for_metrics\flask\flask\wrappers.py,188,2,0,0,0
flask,C:\Users\Zhifei Chen\Desktop\pysmell\subjects_for_metrics\flask\scripts\flask-07-upgrade.py,70,2,0,0,0
flask,C:\Users\Zhifei Chen\Desktop\pysmell\subjects_for_metrics\flask\scripts\flask-07-upgrade.py,72,2,0,0,0
flask,C:\Users\Zhifei Chen\Desktop\pysmell\subjects_for_metrics\flask\scripts\flask-07-upgrade.py,173,2,0,0,0
flask,C:\Users\Zhifei Chen\Desktop\pysmell\subjects_for_metrics\flask\scripts\flask-07-upgrade.py,175,2,0,0,0
flask,C:\Users\Zhifei Chen\Desktop\pysmell\subjects_for_metrics\flask\scripts\flask-07-upgrade.py,176,2,0,0,0
flask,C:\Users\Zhifei Chen\Desktop\pysmell\subjects_for_metrics\flask\scripts\flask-07-upgrade.py,247,2,0,0,0
flask,C:\Users\Zhifei Chen\Desktop\pysmell\subjects_for_metrics\flask\scripts\flask-07-upgrade.py,251,2,0,0,0
flask,C:\Users\Zhifei Chen\Desktop\pysmell\subjects_for_metrics\flask\scripts\flask-07-upgrade.py,252,2,0,0,0
flask,C:\Users\Zhifei Chen\Desktop\pysmell\subjects_for_metrics\flask\scripts\flaskext_compat.py,36,2,0,0,0
flask,C:\Users\Zhifei Chen\Desktop\pysmell\subjects_for_metrics\flask\scripts\flaskext_compat.py,36,2,0,0,0
flask,C:\Users\Zhifei Chen\Desktop\pysmell\subjects_for_metrics\flask\scripts\flaskext_compat.py,37,2,0,0,0
flask,C:\Users\Zhifei Chen\Desktop\pysmell\subjects_for_metrics\flask\scripts\flaskext_compat.py,37,2,0,0,0
flask,C:\Users\Zhifei Chen\Desktop\pysmell\subjects_for_metrics\flask\scripts\flaskext_compat.py,99,2,0,0,0
flask,C:\Users\Zhifei Chen\Desktop\pysmell\subjects_for_metrics\flask\scripts\flaskext_compat.py,113,2,0,0,0
flask,C:\Users\Zhifei Chen\Desktop\pysmell\subjects_for_metrics\flask\scripts\flaskext_compat.py,113,3,0,0,0
flask,C:\Users\Zhifei Chen\Desktop\pysmell\subjects_for_metrics\flask\scripts\flaskext_compat.py,114,2,0,0,0
flask,C:\Users\Zhifei Chen\Desktop\pysmell\subjects_for_metrics\flask\scripts\flaskext_compat.py,114,2,0,0,0
flask,C:\Users\Zhifei Chen\Desktop\pysmell\subjects_for_metrics\flask\scripts\flaskext_compat.py,116,2,0,0,0
flask,C:\Users\Zhifei Chen\Desktop\pysmell\subjects_for_metrics\flask\scripts\flaskext_tester.py,36,2,0,0,0
flask,C:\Users\Zhifei Chen\Desktop\pysmell\subjects_for_metrics\flask\scripts\flaskext_tester.py,36,2,0,0,0
flask,C:\Users\Zhifei Chen\Desktop\pysmell\subjects_for_metrics\flask\scripts\flaskext_tester.py,36,2,0,0,0
flask,C:\Users\Zhifei Chen\Desktop\pysmell\subjects_for_metrics\flask\scripts\flaskext_tester.py,121,2,0,0,0
flask,C:\Users\Zhifei Chen\Desktop\pysmell\subjects_for_metrics\flask\scripts\flaskext_tester.py,142,2,0,0,0
flask,C:\Users\Zhifei Chen\Desktop\pysmell\subjects_for_metrics\flask\scripts\flaskext_tester.py,144,2,0,0,0
flask,C:\Users\Zhifei Chen\Desktop\pysmell\subjects_for_metrics\flask\scripts\flaskext_tester.py,163,2,0,0,0
flask,C:\Users\Zhifei Chen\Desktop\pysmell\subjects_for_metrics\flask\scripts\flaskext_tester.py,167,2,0,0,0
flask,C:\Users\Zhifei Chen\Desktop\pysmell\subjects_for_metrics\flask\scripts\flaskext_tester.py,182,2,0,0,0
flask,C:\Users\Zhifei Chen\Desktop\pysmell\subjects_for_metrics\flask\scripts\flaskext_tester.py,189,2,0,0,0
flask,C:\Users\Zhifei Chen\Desktop\pysmell\subjects_for_metrics\flask\scripts\flaskext_tester.py,190,2,0,0,0
flask,C:\Users\Zhifei Chen\Desktop\pysmell\subjects_for_metrics\flask\scripts\flaskext_tester.py,210,2,0,0,0
flask,C:\Users\Zhifei Chen\Desktop\pysmell\subjects_for_metrics\flask\scripts\flaskext_tester.py,211,2,0,0,0
flask,C:\Users\Zhifei Chen\Desktop\pysmell\subjects_for_metrics\flask\scripts\flaskext_tester.py,273,2,0,0,0
flask,C:\Users\Zhifei Chen\Desktop\pysmell\subjects_for_metrics\flask\scripts\flaskext_tester.py,300,2,0,0,0
flask,C:\Users\Zhifei Chen\Desktop\pysmell\subjects_for_metrics\flask\scripts\make-release.py,120,2,0,0,0
flask,C:\Users\Zhifei Chen\Desktop\pysmell\subjects_for_metrics\flask\scripts\make-release.py,120,2,0,0,0
flask,C:\Users\Zhifei Chen\Desktop\pysmell\subjects_for_metrics\flask\tests\conftest.py,20,2,0,0,0
flask,C:\Users\Zhifei Chen\Desktop\pysmell\subjects_for_metrics\flask\tests\conftest.py,20,2,0,0,0
flask,C:\Users\Zhifei Chen\Desktop\pysmell\subjects_for_metrics\flask\tests\conftest.py,21,2,0,0,0
flask,C:\Users\Zhifei Chen\Desktop\pysmell\subjects_for_metrics\flask\tests\conftest.py,30,2,0,0,0
flask,C:\Users\Zhifei Chen\Desktop\pysmell\subjects_for_metrics\flask\tests\conftest.py,31,2,0,0,0
flask,C:\Users\Zhifei Chen\Desktop\pysmell\subjects_for_metrics\flask\tests\conftest.py,125,2,0,0,0
flask,C:\Users\Zhifei Chen\Desktop\pysmell\subjects_for_metrics\flask\tests\test_appctx.py,43,2,0,0,0
flask,C:\Users\Zhifei Chen\Desktop\pysmell\subjects_for_metrics\flask\tests\test_appctx.py,44,2,0,0,0
flask,C:\Users\Zhifei Chen\Desktop\pysmell\subjects_for_metrics\flask\tests\test_appctx.py,49,2,0,0,0
flask,C:\Users\Zhifei Chen\Desktop\pysmell\subjects_for_metrics\flask\tests\test_appctx.py,50,2,0,0,0
flask,C:\Users\Zhifei Chen\Desktop\pysmell\subjects_for_metrics\flask\tests\test_appctx.py,100,2,0,0,0
flask,C:\Users\Zhifei Chen\Desktop\pysmell\subjects_for_metrics\flask\tests\test_appctx.py,101,2,0,0,0
flask,C:\Users\Zhifei Chen\Desktop\pysmell\subjects_for_metrics\flask\tests\test_appctx.py,104,2,0,0,0
flask,C:\Users\Zhifei Chen\Desktop\pysmell\subjects_for_metrics\flask\tests\test_appctx.py,107,2,0,0,0
flask,C:\Users\Zhifei Chen\Desktop\pysmell\subjects_for_metrics\flask\tests\test_appctx.py,108,2,0,0,0
flask,C:\Users\Zhifei Chen\Desktop\pysmell\subjects_for_metrics\flask\tests\test_appctx.py,109,2,0,0,0
flask,C:\Users\Zhifei Chen\Desktop\pysmell\subjects_for_metrics\flask\tests\test_appctx.py,111,2,0,0,0
flask,C:\Users\Zhifei Chen\Desktop\pysmell\subjects_for_metrics\flask\tests\test_appctx.py,113,2,0,0,0
flask,C:\Users\Zhifei Chen\Desktop\pysmell\subjects_for_metrics\flask\tests\test_appctx.py,114,2,0,0,0
flask,C:\Users\Zhifei Chen\Desktop\pysmell\subjects_for_metrics\flask\tests\test_appctx.py,138,2,0,0,0
flask,C:\Users\Zhifei Chen\Desktop\pysmell\subjects_for_metrics\flask\tests\test_appctx.py,139,2,0,0,0
flask,C:\Users\Zhifei Chen\Desktop\pysmell\subjects_for_metrics\flask\tests\test_appctx.py,141,4,0,1,1
flask,C:\Users\Zhifei Chen\Desktop\pysmell\subjects_for_metrics\flask\tests\test_basic.py,78,2,0,0,0
flask,C:\Users\Zhifei Chen\Desktop\pysmell\subjects_for_metrics\flask\tests\test_basic.py,82,2,0,0,0
flask,C:\Users\Zhifei Chen\Desktop\pysmell\subjects_for_metrics\flask\tests\test_basic.py,113,2,0,0,0
flask,C:\Users\Zhifei Chen\Desktop\pysmell\subjects_for_metrics\flask\tests\test_basic.py,116,2,0,0,0
flask,C:\Users\Zhifei Chen\Desktop\pysmell\subjects_for_metrics\flask\tests\test_basic.py,143,2,0,0,0
flask,C:\Users\Zhifei Chen\Desktop\pysmell\subjects_for_metrics\flask\tests\test_basic.py,149,2,0,0,0
flask,C:\Users\Zhifei Chen\Desktop\pysmell\subjects_for_metrics\flask\tests\test_basic.py,170,2,0,0,0
flask,C:\Users\Zhifei Chen\Desktop\pysmell\subjects_for_metrics\flask\tests\test_basic.py,194,2,0,0,0
flask,C:\Users\Zhifei Chen\Desktop\pysmell\subjects_for_metrics\flask\tests\test_basic.py,208,2,0,0,0
flask,C:\Users\Zhifei Chen\Desktop\pysmell\subjects_for_metrics\flask\tests\test_basic.py,224,2,0,0,0
flask,C:\Users\Zhifei Chen\Desktop\pysmell\subjects_for_metrics\flask\tests\test_basic.py,240,2,0,0,0
flask,C:\Users\Zhifei Chen\Desktop\pysmell\subjects_for_metrics\flask\tests\test_basic.py,269,2,0,0,0
flask,C:\Users\Zhifei Chen\Desktop\pysmell\subjects_for_metrics\flask\tests\test_basic.py,284,2,0,0,0
flask,C:\Users\Zhifei Chen\Desktop\pysmell\subjects_for_metrics\flask\tests\test_basic.py,317,2,0,0,0
flask,C:\Users\Zhifei Chen\Desktop\pysmell\subjects_for_metrics\flask\tests\test_basic.py,318,2,0,0,0
flask,C:\Users\Zhifei Chen\Desktop\pysmell\subjects_for_metrics\flask\tests\test_basic.py,319,2,0,0,0
flask,C:\Users\Zhifei Chen\Desktop\pysmell\subjects_for_metrics\flask\tests\test_basic.py,330,2,0,0,0
flask,C:\Users\Zhifei Chen\Desktop\pysmell\subjects_for_metrics\flask\tests\test_basic.py,335,2,0,0,0
flask,C:\Users\Zhifei Chen\Desktop\pysmell\subjects_for_metrics\flask\tests\test_basic.py,369,2,0,0,0
flask,C:\Users\Zhifei Chen\Desktop\pysmell\subjects_for_metrics\flask\tests\test_basic.py,416,2,0,0,0
flask,C:\Users\Zhifei Chen\Desktop\pysmell\subjects_for_metrics\flask\tests\test_basic.py,417,2,0,0,0
flask,C:\Users\Zhifei Chen\Desktop\pysmell\subjects_for_metrics\flask\tests\test_basic.py,422,2,0,0,0
flask,C:\Users\Zhifei Chen\Desktop\pysmell\subjects_for_metrics\flask\tests\test_basic.py,431,2,0,0,0
flask,C:\Users\Zhifei Chen\Desktop\pysmell\subjects_for_metrics\flask\tests\test_basic.py,457,2,0,0,0
flask,C:\Users\Zhifei Chen\Desktop\pysmell\subjects_for_metrics\flask\tests\test_basic.py,459,2,0,0,0
flask,C:\Users\Zhifei Chen\Desktop\pysmell\subjects_for_metrics\flask\tests\test_basic.py,461,2,0,0,0
flask,C:\Users\Zhifei Chen\Desktop\pysmell\subjects_for_metrics\flask\tests\test_basic.py,601,2,0,0,0
flask,C:\Users\Zhifei Chen\Desktop\pysmell\subjects_for_metrics\flask\tests\test_basic.py,780,2,0,0,0
flask,C:\Users\Zhifei Chen\Desktop\pysmell\subjects_for_metrics\flask\tests\test_basic.py,784,2,0,0,0
flask,C:\Users\Zhifei Chen\Desktop\pysmell\subjects_for_metrics\flask\tests\test_basic.py,850,2,0,0,0
flask,C:\Users\Zhifei Chen\Desktop\pysmell\subjects_for_metrics\flask\tests\test_basic.py,885,2,0,0,0
flask,C:\Users\Zhifei Chen\Desktop\pysmell\subjects_for_metrics\flask\tests\test_basic.py,1004,2,0,0,0
flask,C:\Users\Zhifei Chen\Desktop\pysmell\subjects_for_metrics\flask\tests\test_basic.py,1021,2,0,0,0
flask,C:\Users\Zhifei Chen\Desktop\pysmell\subjects_for_metrics\flask\tests\test_basic.py,1067,2,0,0,0
flask,C:\Users\Zhifei Chen\Desktop\pysmell\subjects_for_metrics\flask\tests\test_basic.py,1078,2,0,0,0
flask,C:\Users\Zhifei Chen\Desktop\pysmell\subjects_for_metrics\flask\tests\test_basic.py,1096,2,0,0,0
flask,C:\Users\Zhifei Chen\Desktop\pysmell\subjects_for_metrics\flask\tests\test_basic.py,1110,2,0,0,0
flask,C:\Users\Zhifei Chen\Desktop\pysmell\subjects_for_metrics\flask\tests\test_basic.py,1140,2,0,0,0
flask,C:\Users\Zhifei Chen\Desktop\pysmell\subjects_for_metrics\flask\tests\test_basic.py,1161,2,0,0,0
flask,C:\Users\Zhifei Chen\Desktop\pysmell\subjects_for_metrics\flask\tests\test_basic.py,1231,2,0,0,0
flask,C:\Users\Zhifei Chen\Desktop\pysmell\subjects_for_metrics\flask\tests\test_basic.py,1236,2,0,0,0
flask,C:\Users\Zhifei Chen\Desktop\pysmell\subjects_for_metrics\flask\tests\test_basic.py,1253,2,0,0,0
flask,C:\Users\Zhifei Chen\Desktop\pysmell\subjects_for_metrics\flask\tests\test_basic.py,1254,2,0,0,0
flask,C:\Users\Zhifei Chen\Desktop\pysmell\subjects_for_metrics\flask\tests\test_basic.py,1255,2,0,0,0
flask,C:\Users\Zhifei Chen\Desktop\pysmell\subjects_for_metrics\flask\tests\test_basic.py,1259,2,0,0,0
flask,C:\Users\Zhifei Chen\Desktop\pysmell\subjects_for_metrics\flask\tests\test_basic.py,1415,2,0,0,0
flask,C:\Users\Zhifei Chen\Desktop\pysmell\subjects_for_metrics\flask\tests\test_basic.py,1419,2,0,0,0
flask,C:\Users\Zhifei Chen\Desktop\pysmell\subjects_for_metrics\flask\tests\test_basic.py,1423,2,0,0,0
flask,C:\Users\Zhifei Chen\Desktop\pysmell\subjects_for_metrics\flask\tests\test_basic.py,1449,2,0,0,0
flask,C:\Users\Zhifei Chen\Desktop\pysmell\subjects_for_metrics\flask\tests\test_basic.py,1450,2,0,0,0
flask,C:\Users\Zhifei Chen\Desktop\pysmell\subjects_for_metrics\flask\tests\test_basic.py,1452,3,0,0,0
flask,C:\Users\Zhifei Chen\Desktop\pysmell\subjects_for_metrics\flask\tests\test_basic.py,1453,2,0,0,0
flask,C:\Users\Zhifei Chen\Desktop\pysmell\subjects_for_metrics\flask\tests\test_basic.py,1454,2,0,0,0
flask,C:\Users\Zhifei Chen\Desktop\pysmell\subjects_for_metrics\flask\tests\test_basic.py,1497,2,0,0,0
flask,C:\Users\Zhifei Chen\Desktop\pysmell\subjects_for_metrics\flask\tests\test_basic.py,1498,2,0,0,0
flask,C:\Users\Zhifei Chen\Desktop\pysmell\subjects_for_metrics\flask\tests\test_basic.py,1499,2,0,0,0
flask,C:\Users\Zhifei Chen\Desktop\pysmell\subjects_for_metrics\flask\tests\test_basic.py,1500,2,0,0,0
flask,C:\Users\Zhifei Chen\Desktop\pysmell\subjects_for_metrics\flask\tests\test_basic.py,1501,2,0,0,0
flask,C:\Users\Zhifei Chen\Desktop\pysmell\subjects_for_metrics\flask\tests\test_basic.py,1509,2,0,0,0
flask,C:\Users\Zhifei Chen\Desktop\pysmell\subjects_for_metrics\flask\tests\test_basic.py,1510,2,0,0,0
flask,C:\Users\Zhifei Chen\Desktop\pysmell\subjects_for_metrics\flask\tests\test_blueprints.py,120,2,0,0,0
flask,C:\Users\Zhifei Chen\Desktop\pysmell\subjects_for_metrics\flask\tests\test_blueprints.py,124,2,0,0,0
flask,C:\Users\Zhifei Chen\Desktop\pysmell\subjects_for_metrics\flask\tests\test_blueprints.py,153,2,0,0,0
flask,C:\Users\Zhifei Chen\Desktop\pysmell\subjects_for_metrics\flask\tests\test_blueprints.py,156,2,0,0,0
flask,C:\Users\Zhifei Chen\Desktop\pysmell\subjects_for_metrics\flask\tests\test_blueprints.py,213,2,0,0,0
flask,C:\Users\Zhifei Chen\Desktop\pysmell\subjects_for_metrics\flask\tests\test_blueprints.py,237,2,0,0,0
flask,C:\Users\Zhifei Chen\Desktop\pysmell\subjects_for_metrics\flask\tests\test_blueprints.py,238,2,0,0,0
flask,C:\Users\Zhifei Chen\Desktop\pysmell\subjects_for_metrics\flask\tests\test_blueprints.py,239,2,0,0,0
flask,C:\Users\Zhifei Chen\Desktop\pysmell\subjects_for_metrics\flask\tests\test_blueprints.py,281,2,0,0,0
flask,C:\Users\Zhifei Chen\Desktop\pysmell\subjects_for_metrics\flask\tests\test_blueprints.py,285,2,0,0,0
flask,C:\Users\Zhifei Chen\Desktop\pysmell\subjects_for_metrics\flask\tests\test_blueprints.py,289,2,0,0,0
flask,C:\Users\Zhifei Chen\Desktop\pysmell\subjects_for_metrics\flask\tests\test_blueprints.py,293,2,0,0,0
flask,C:\Users\Zhifei Chen\Desktop\pysmell\subjects_for_metrics\flask\tests\test_blueprints.py,300,2,0,0,0
flask,C:\Users\Zhifei Chen\Desktop\pysmell\subjects_for_metrics\flask\tests\test_blueprints.py,314,2,0,0,0
flask,C:\Users\Zhifei Chen\Desktop\pysmell\subjects_for_metrics\flask\tests\test_blueprints.py,368,3,0,0,0
flask,C:\Users\Zhifei Chen\Desktop\pysmell\subjects_for_metrics\flask\tests\test_blueprints.py,369,2,0,0,0
flask,C:\Users\Zhifei Chen\Desktop\pysmell\subjects_for_metrics\flask\tests\test_blueprints.py,370,2,0,0,0
flask,C:\Users\Zhifei Chen\Desktop\pysmell\subjects_for_metrics\flask\tests\test_blueprints.py,379,3,0,0,0
flask,C:\Users\Zhifei Chen\Desktop\pysmell\subjects_for_metrics\flask\tests\test_blueprints.py,380,2,0,0,0
flask,C:\Users\Zhifei Chen\Desktop\pysmell\subjects_for_metrics\flask\tests\test_blueprints.py,381,2,0,0,0
flask,C:\Users\Zhifei Chen\Desktop\pysmell\subjects_for_metrics\flask\tests\test_blueprints.py,390,3,0,0,0
flask,C:\Users\Zhifei Chen\Desktop\pysmell\subjects_for_metrics\flask\tests\test_blueprints.py,391,2,0,0,0
flask,C:\Users\Zhifei Chen\Desktop\pysmell\subjects_for_metrics\flask\tests\test_blueprints.py,392,2,0,0,0
flask,C:\Users\Zhifei Chen\Desktop\pysmell\subjects_for_metrics\flask\tests\test_blueprints.py,401,3,0,0,0
flask,C:\Users\Zhifei Chen\Desktop\pysmell\subjects_for_metrics\flask\tests\test_blueprints.py,402,2,0,0,0
flask,C:\Users\Zhifei Chen\Desktop\pysmell\subjects_for_metrics\flask\tests\test_blueprints.py,403,2,0,0,0
flask,C:\Users\Zhifei Chen\Desktop\pysmell\subjects_for_metrics\flask\tests\test_blueprints.py,477,3,0,0,0
flask,C:\Users\Zhifei Chen\Desktop\pysmell\subjects_for_metrics\flask\tests\test_blueprints.py,478,2,0,0,0
flask,C:\Users\Zhifei Chen\Desktop\pysmell\subjects_for_metrics\flask\tests\test_blueprints.py,479,2,0,0,0
flask,C:\Users\Zhifei Chen\Desktop\pysmell\subjects_for_metrics\flask\tests\test_blueprints.py,488,3,0,0,0
flask,C:\Users\Zhifei Chen\Desktop\pysmell\subjects_for_metrics\flask\tests\test_blueprints.py,489,2,0,0,0
flask,C:\Users\Zhifei Chen\Desktop\pysmell\subjects_for_metrics\flask\tests\test_blueprints.py,490,2,0,0,0
flask,C:\Users\Zhifei Chen\Desktop\pysmell\subjects_for_metrics\flask\tests\test_blueprints.py,499,3,0,0,0
flask,C:\Users\Zhifei Chen\Desktop\pysmell\subjects_for_metrics\flask\tests\test_blueprints.py,500,2,0,0,0
flask,C:\Users\Zhifei Chen\Desktop\pysmell\subjects_for_metrics\flask\tests\test_blueprints.py,501,2,0,0,0
flask,C:\Users\Zhifei Chen\Desktop\pysmell\subjects_for_metrics\flask\tests\test_blueprints.py,510,3,0,0,0
flask,C:\Users\Zhifei Chen\Desktop\pysmell\subjects_for_metrics\flask\tests\test_blueprints.py,511,2,0,0,0
flask,C:\Users\Zhifei Chen\Desktop\pysmell\subjects_for_metrics\flask\tests\test_blueprints.py,512,2,0,0,0
flask,C:\Users\Zhifei Chen\Desktop\pysmell\subjects_for_metrics\flask\tests\test_config.py,29,2,0,0,0
flask,C:\Users\Zhifei Chen\Desktop\pysmell\subjects_for_metrics\flask\tests\test_config.py,35,2,0,0,0
flask,C:\Users\Zhifei Chen\Desktop\pysmell\subjects_for_metrics\flask\tests\test_config.py,41,2,0,0,0
flask,C:\Users\Zhifei Chen\Desktop\pysmell\subjects_for_metrics\flask\tests\test_config.py,41,2,0,0,0
flask,C:\Users\Zhifei Chen\Desktop\pysmell\subjects_for_metrics\flask\tests\test_config.py,42,2,0,0,0
flask,C:\Users\Zhifei Chen\Desktop\pysmell\subjects_for_metrics\flask\tests\test_config.py,42,2,0,0,0
flask,C:\Users\Zhifei Chen\Desktop\pysmell\subjects_for_metrics\flask\tests\test_config.py,48,2,0,0,0
flask,C:\Users\Zhifei Chen\Desktop\pysmell\subjects_for_metrics\flask\tests\test_config.py,55,2,0,0,0
flask,C:\Users\Zhifei Chen\Desktop\pysmell\subjects_for_metrics\flask\tests\test_config.py,62,2,0,0,0
flask,C:\Users\Zhifei Chen\Desktop\pysmell\subjects_for_metrics\flask\tests\test_config.py,70,2,0,0,0
flask,C:\Users\Zhifei Chen\Desktop\pysmell\subjects_for_metrics\flask\tests\test_config.py,82,2,0,0,0
flask,C:\Users\Zhifei Chen\Desktop\pysmell\subjects_for_metrics\flask\tests\test_config.py,97,2,0,0,0
flask,C:\Users\Zhifei Chen\Desktop\pysmell\subjects_for_metrics\flask\tests\test_config.py,100,2,0,0,0
flask,C:\Users\Zhifei Chen\Desktop\pysmell\subjects_for_metrics\flask\tests\test_config.py,120,2,0,0,0
flask,C:\Users\Zhifei Chen\Desktop\pysmell\subjects_for_metrics\flask\tests\test_config.py,136,2,0,0,0
flask,C:\Users\Zhifei Chen\Desktop\pysmell\subjects_for_metrics\flask\tests\test_config.py,150,2,0,0,0
flask,C:\Users\Zhifei Chen\Desktop\pysmell\subjects_for_metrics\flask\tests\test_config.py,161,2,0,0,0
flask,C:\Users\Zhifei Chen\Desktop\pysmell\subjects_for_metrics\flask\tests\test_config.py,168,2,0,0,0
flask,C:\Users\Zhifei Chen\Desktop\pysmell\subjects_for_metrics\flask\tests\test_config.py,177,2,0,0,0
flask,C:\Users\Zhifei Chen\Desktop\pysmell\subjects_for_metrics\flask\tests\test_config.py,181,2,0,0,0
flask,C:\Users\Zhifei Chen\Desktop\pysmell\subjects_for_metrics\flask\tests\test_config.py,185,2,0,0,0
flask,C:\Users\Zhifei Chen\Desktop\pysmell\subjects_for_metrics\flask\tests\test_config.py,189,2,0,0,0
flask,C:\Users\Zhifei Chen\Desktop\pysmell\subjects_for_metrics\flask\tests\test_deprecations.py,26,2,0,0,0
flask,C:\Users\Zhifei Chen\Desktop\pysmell\subjects_for_metrics\flask\tests\test_deprecations.py,27,2,0,0,0
flask,C:\Users\Zhifei Chen\Desktop\pysmell\subjects_for_metrics\flask\tests\test_deprecations.py,43,2,0,0,0
flask,C:\Users\Zhifei Chen\Desktop\pysmell\subjects_for_metrics\flask\tests\test_ext.py,29,2,0,0,0
flask,C:\Users\Zhifei Chen\Desktop\pysmell\subjects_for_metrics\flask\tests\test_ext.py,177,3,0,0,0
flask,C:\Users\Zhifei Chen\Desktop\pysmell\subjects_for_metrics\flask\tests\test_ext.py,181,3,0,0,0
flask,C:\Users\Zhifei Chen\Desktop\pysmell\subjects_for_metrics\flask\tests\test_ext.py,186,2,0,0,0
flask,C:\Users\Zhifei Chen\Desktop\pysmell\subjects_for_metrics\flask\tests\test_ext.py,187,3,0,0,0
flask,C:\Users\Zhifei Chen\Desktop\pysmell\subjects_for_metrics\flask\tests\test_helpers.py,50,2,0,0,0
flask,C:\Users\Zhifei Chen\Desktop\pysmell\subjects_for_metrics\flask\tests\test_helpers.py,57,2,0,0,0
flask,C:\Users\Zhifei Chen\Desktop\pysmell\subjects_for_metrics\flask\tests\test_helpers.py,69,2,0,0,0
flask,C:\Users\Zhifei Chen\Desktop\pysmell\subjects_for_metrics\flask\tests\test_helpers.py,80,2,0,0,0
flask,C:\Users\Zhifei Chen\Desktop\pysmell\subjects_for_metrics\flask\tests\test_helpers.py,89,2,0,0,0
flask,C:\Users\Zhifei Chen\Desktop\pysmell\subjects_for_metrics\flask\tests\test_helpers.py,99,2,0,0,0
flask,C:\Users\Zhifei Chen\Desktop\pysmell\subjects_for_metrics\flask\tests\test_helpers.py,119,2,0,0,0
flask,C:\Users\Zhifei Chen\Desktop\pysmell\subjects_for_metrics\flask\tests\test_helpers.py,126,2,0,0,0
flask,C:\Users\Zhifei Chen\Desktop\pysmell\subjects_for_metrics\flask\tests\test_helpers.py,131,2,0,0,0
flask,C:\Users\Zhifei Chen\Desktop\pysmell\subjects_for_metrics\flask\tests\test_helpers.py,138,2,0,0,0
flask,C:\Users\Zhifei Chen\Desktop\pysmell\subjects_for_metrics\flask\tests\test_helpers.py,141,2,0,0,0
flask,C:\Users\Zhifei Chen\Desktop\pysmell\subjects_for_metrics\flask\tests\test_helpers.py,149,2,0,0,0
flask,C:\Users\Zhifei Chen\Desktop\pysmell\subjects_for_metrics\flask\tests\test_helpers.py,170,2,0,0,0
flask,C:\Users\Zhifei Chen\Desktop\pysmell\subjects_for_metrics\flask\tests\test_helpers.py,174,3,0,0,0
flask,C:\Users\Zhifei Chen\Desktop\pysmell\subjects_for_metrics\flask\tests\test_helpers.py,175,2,0,0,0
flask,C:\Users\Zhifei Chen\Desktop\pysmell\subjects_for_metrics\flask\tests\test_helpers.py,178,3,0,0,0
flask,C:\Users\Zhifei Chen\Desktop\pysmell\subjects_for_metrics\flask\tests\test_helpers.py,189,2,0,0,0
flask,C:\Users\Zhifei Chen\Desktop\pysmell\subjects_for_metrics\flask\tests\test_helpers.py,189,2,0,0,0
flask,C:\Users\Zhifei Chen\Desktop\pysmell\subjects_for_metrics\flask\tests\test_helpers.py,191,2,0,0,0
flask,C:\Users\Zhifei Chen\Desktop\pysmell\subjects_for_metrics\flask\tests\test_helpers.py,202,2,0,0,0
flask,C:\Users\Zhifei Chen\Desktop\pysmell\subjects_for_metrics\flask\tests\test_helpers.py,206,2,0,0,0
flask,C:\Users\Zhifei Chen\Desktop\pysmell\subjects_for_metrics\flask\tests\test_helpers.py,227,2,0,0,0
flask,C:\Users\Zhifei Chen\Desktop\pysmell\subjects_for_metrics\flask\tests\test_helpers.py,307,2,0,0,0
flask,C:\Users\Zhifei Chen\Desktop\pysmell\subjects_for_metrics\flask\tests\test_helpers.py,315,2,0,0,0
flask,C:\Users\Zhifei Chen\Desktop\pysmell\subjects_for_metrics\flask\tests\test_helpers.py,328,2,0,0,0
flask,C:\Users\Zhifei Chen\Desktop\pysmell\subjects_for_metrics\flask\tests\test_helpers.py,333,2,0,0,0
flask,C:\Users\Zhifei Chen\Desktop\pysmell\subjects_for_metrics\flask\tests\test_helpers.py,388,2,0,0,0
flask,C:\Users\Zhifei Chen\Desktop\pysmell\subjects_for_metrics\flask\tests\test_helpers.py,459,2,0,0,0
flask,C:\Users\Zhifei Chen\Desktop\pysmell\subjects_for_metrics\flask\tests\test_helpers.py,459,2,0,0,0
flask,C:\Users\Zhifei Chen\Desktop\pysmell\subjects_for_metrics\flask\tests\test_helpers.py,464,2,0,0,0
flask,C:\Users\Zhifei Chen\Desktop\pysmell\subjects_for_metrics\flask\tests\test_helpers.py,484,2,0,0,0
flask,C:\Users\Zhifei Chen\Desktop\pysmell\subjects_for_metrics\flask\tests\test_helpers.py,485,2,0,0,0
flask,C:\Users\Zhifei Chen\Desktop\pysmell\subjects_for_metrics\flask\tests\test_helpers.py,496,2,0,0,0
flask,C:\Users\Zhifei Chen\Desktop\pysmell\subjects_for_metrics\flask\tests\test_helpers.py,507,2,0,0,0
flask,C:\Users\Zhifei Chen\Desktop\pysmell\subjects_for_metrics\flask\tests\test_helpers.py,508,2,0,0,0
flask,C:\Users\Zhifei Chen\Desktop\pysmell\subjects_for_metrics\flask\tests\test_helpers.py,515,2,0,0,0
flask,C:\Users\Zhifei Chen\Desktop\pysmell\subjects_for_metrics\flask\tests\test_helpers.py,633,2,0,0,0
flask,C:\Users\Zhifei Chen\Desktop\pysmell\subjects_for_metrics\flask\tests\test_helpers.py,648,2,0,0,0
flask,C:\Users\Zhifei Chen\Desktop\pysmell\subjects_for_metrics\flask\tests\test_helpers.py,673,2,0,0,0
flask,C:\Users\Zhifei Chen\Desktop\pysmell\subjects_for_metrics\flask\tests\test_instance_config.py,32,2,0,0,0
flask,C:\Users\Zhifei Chen\Desktop\pysmell\subjects_for_metrics\flask\tests\test_instance_config.py,33,2,0,0,0
flask,C:\Users\Zhifei Chen\Desktop\pysmell\subjects_for_metrics\flask\tests\test_instance_config.py,102,2,0,0,0
flask,C:\Users\Zhifei Chen\Desktop\pysmell\subjects_for_metrics\flask\tests\test_instance_config.py,114,2,0,0,0
flask,C:\Users\Zhifei Chen\Desktop\pysmell\subjects_for_metrics\flask\tests\test_instance_config.py,130,2,0,0,0
flask,C:\Users\Zhifei Chen\Desktop\pysmell\subjects_for_metrics\flask\tests\test_instance_config.py,131,2,0,0,0
flask,C:\Users\Zhifei Chen\Desktop\pysmell\subjects_for_metrics\flask\tests\test_instance_config.py,121,2,0,0,0
flask,C:\Users\Zhifei Chen\Desktop\pysmell\subjects_for_metrics\flask\tests\test_regression.py,30,2,0,0,0
flask,C:\Users\Zhifei Chen\Desktop\pysmell\subjects_for_metrics\flask\tests\test_reqctx.py,68,2,0,0,0
flask,C:\Users\Zhifei Chen\Desktop\pysmell\subjects_for_metrics\flask\tests\test_reqctx.py,98,2,0,0,0
flask,C:\Users\Zhifei Chen\Desktop\pysmell\subjects_for_metrics\flask\tests\test_reqctx.py,102,2,0,0,0
flask,C:\Users\Zhifei Chen\Desktop\pysmell\subjects_for_metrics\flask\tests\test_reqctx.py,110,2,0,0,0
flask,C:\Users\Zhifei Chen\Desktop\pysmell\subjects_for_metrics\flask\tests\test_reqctx.py,113,2,0,0,0
flask,C:\Users\Zhifei Chen\Desktop\pysmell\subjects_for_metrics\flask\tests\test_reqctx.py,119,2,0,0,0
flask,C:\Users\Zhifei Chen\Desktop\pysmell\subjects_for_metrics\flask\tests\test_reqctx.py,137,2,0,0,0
flask,C:\Users\Zhifei Chen\Desktop\pysmell\subjects_for_metrics\flask\tests\test_reqctx.py,157,3,0,0,0
flask,C:\Users\Zhifei Chen\Desktop\pysmell\subjects_for_metrics\flask\tests\test_reqctx.py,164,2,0,0,0
flask,C:\Users\Zhifei Chen\Desktop\pysmell\subjects_for_metrics\flask\tests\test_reqctx.py,165,2,0,0,0
flask,C:\Users\Zhifei Chen\Desktop\pysmell\subjects_for_metrics\flask\tests\test_reqctx.py,150,2,0,0,0
flask,C:\Users\Zhifei Chen\Desktop\pysmell\subjects_for_metrics\flask\tests\test_reqctx.py,184,3,0,0,0
flask,C:\Users\Zhifei Chen\Desktop\pysmell\subjects_for_metrics\flask\tests\test_reqctx.py,189,2,0,0,0
flask,C:\Users\Zhifei Chen\Desktop\pysmell\subjects_for_metrics\flask\tests\test_reqctx.py,190,2,0,0,0
flask,C:\Users\Zhifei Chen\Desktop\pysmell\subjects_for_metrics\flask\tests\test_reqctx.py,177,2,0,0,0
flask,C:\Users\Zhifei Chen\Desktop\pysmell\subjects_for_metrics\flask\tests\test_signals.py,22,2,0,0,0
flask,C:\Users\Zhifei Chen\Desktop\pysmell\subjects_for_metrics\flask\tests\test_signals.py,39,2,0,0,0
flask,C:\Users\Zhifei Chen\Desktop\pysmell\subjects_for_metrics\flask\tests\test_signals.py,47,2,0,0,0
flask,C:\Users\Zhifei Chen\Desktop\pysmell\subjects_for_metrics\flask\tests\test_signals.py,62,2,0,0,0
flask,C:\Users\Zhifei Chen\Desktop\pysmell\subjects_for_metrics\flask\tests\test_signals.py,71,2,0,0,0
flask,C:\Users\Zhifei Chen\Desktop\pysmell\subjects_for_metrics\flask\tests\test_signals.py,99,2,0,0,0
flask,C:\Users\Zhifei Chen\Desktop\pysmell\subjects_for_metrics\flask\tests\test_signals.py,100,2,0,0,0
flask,C:\Users\Zhifei Chen\Desktop\pysmell\subjects_for_metrics\flask\tests\test_signals.py,109,2,0,0,0
flask,C:\Users\Zhifei Chen\Desktop\pysmell\subjects_for_metrics\flask\tests\test_signals.py,110,2,0,0,0
flask,C:\Users\Zhifei Chen\Desktop\pysmell\subjects_for_metrics\flask\tests\test_signals.py,123,2,0,0,0
flask,C:\Users\Zhifei Chen\Desktop\pysmell\subjects_for_metrics\flask\tests\test_signals.py,129,2,0,0,0
flask,C:\Users\Zhifei Chen\Desktop\pysmell\subjects_for_metrics\flask\tests\test_signals.py,145,2,0,0,0
flask,C:\Users\Zhifei Chen\Desktop\pysmell\subjects_for_metrics\flask\tests\test_signals.py,146,2,0,0,0
flask,C:\Users\Zhifei Chen\Desktop\pysmell\subjects_for_metrics\flask\tests\test_signals.py,154,2,0,0,0
flask,C:\Users\Zhifei Chen\Desktop\pysmell\subjects_for_metrics\flask\tests\test_signals.py,155,2,0,0,0
flask,C:\Users\Zhifei Chen\Desktop\pysmell\subjects_for_metrics\flask\tests\test_signals.py,171,2,0,0,0
flask,C:\Users\Zhifei Chen\Desktop\pysmell\subjects_for_metrics\flask\tests\test_signals.py,181,2,0,0,0
flask,C:\Users\Zhifei Chen\Desktop\pysmell\subjects_for_metrics\flask\tests\test_signals.py,194,2,0,0,0
flask,C:\Users\Zhifei Chen\Desktop\pysmell\subjects_for_metrics\flask\tests\test_signals.py,202,2,0,0,0
flask,C:\Users\Zhifei Chen\Desktop\pysmell\subjects_for_metrics\flask\tests\test_subclassing.py,26,2,0,0,0
flask,C:\Users\Zhifei Chen\Desktop\pysmell\subjects_for_metrics\flask\tests\test_templating.py,55,2,0,0,0
flask,C:\Users\Zhifei Chen\Desktop\pysmell\subjects_for_metrics\flask\tests\test_templating.py,64,2,0,0,0
flask,C:\Users\Zhifei Chen\Desktop\pysmell\subjects_for_metrics\flask\tests\test_templating.py,73,2,0,0,0
flask,C:\Users\Zhifei Chen\Desktop\pysmell\subjects_for_metrics\flask\tests\test_templating.py,90,2,0,0,0
flask,C:\Users\Zhifei Chen\Desktop\pysmell\subjects_for_metrics\flask\tests\test_templating.py,121,3,0,0,0
flask,C:\Users\Zhifei Chen\Desktop\pysmell\subjects_for_metrics\flask\tests\test_templating.py,122,2,0,0,0
flask,C:\Users\Zhifei Chen\Desktop\pysmell\subjects_for_metrics\flask\tests\test_templating.py,123,2,0,0,0
flask,C:\Users\Zhifei Chen\Desktop\pysmell\subjects_for_metrics\flask\tests\test_templating.py,130,3,0,0,0
flask,C:\Users\Zhifei Chen\Desktop\pysmell\subjects_for_metrics\flask\tests\test_templating.py,131,2,0,0,0
flask,C:\Users\Zhifei Chen\Desktop\pysmell\subjects_for_metrics\flask\tests\test_templating.py,132,2,0,0,0
flask,C:\Users\Zhifei Chen\Desktop\pysmell\subjects_for_metrics\flask\tests\test_templating.py,139,3,0,0,0
flask,C:\Users\Zhifei Chen\Desktop\pysmell\subjects_for_metrics\flask\tests\test_templating.py,140,2,0,0,0
flask,C:\Users\Zhifei Chen\Desktop\pysmell\subjects_for_metrics\flask\tests\test_templating.py,141,2,0,0,0
flask,C:\Users\Zhifei Chen\Desktop\pysmell\subjects_for_metrics\flask\tests\test_templating.py,148,3,0,0,0
flask,C:\Users\Zhifei Chen\Desktop\pysmell\subjects_for_metrics\flask\tests\test_templating.py,149,2,0,0,0
flask,C:\Users\Zhifei Chen\Desktop\pysmell\subjects_for_metrics\flask\tests\test_templating.py,150,2,0,0,0
flask,C:\Users\Zhifei Chen\Desktop\pysmell\subjects_for_metrics\flask\tests\test_templating.py,201,3,0,0,0
flask,C:\Users\Zhifei Chen\Desktop\pysmell\subjects_for_metrics\flask\tests\test_templating.py,202,2,0,0,0
flask,C:\Users\Zhifei Chen\Desktop\pysmell\subjects_for_metrics\flask\tests\test_templating.py,203,2,0,0,0
flask,C:\Users\Zhifei Chen\Desktop\pysmell\subjects_for_metrics\flask\tests\test_templating.py,210,3,0,0,0
flask,C:\Users\Zhifei Chen\Desktop\pysmell\subjects_for_metrics\flask\tests\test_templating.py,211,2,0,0,0
flask,C:\Users\Zhifei Chen\Desktop\pysmell\subjects_for_metrics\flask\tests\test_templating.py,212,2,0,0,0
flask,C:\Users\Zhifei Chen\Desktop\pysmell\subjects_for_metrics\flask\tests\test_templating.py,219,3,0,0,0
flask,C:\Users\Zhifei Chen\Desktop\pysmell\subjects_for_metrics\flask\tests\test_templating.py,220,2,0,0,0
flask,C:\Users\Zhifei Chen\Desktop\pysmell\subjects_for_metrics\flask\tests\test_templating.py,221,2,0,0,0
flask,C:\Users\Zhifei Chen\Desktop\pysmell\subjects_for_metrics\flask\tests\test_templating.py,228,3,0,0,0
flask,C:\Users\Zhifei Chen\Desktop\pysmell\subjects_for_metrics\flask\tests\test_templating.py,229,2,0,0,0
flask,C:\Users\Zhifei Chen\Desktop\pysmell\subjects_for_metrics\flask\tests\test_templating.py,230,2,0,0,0
flask,C:\Users\Zhifei Chen\Desktop\pysmell\subjects_for_metrics\flask\tests\test_templating.py,281,3,0,0,0
flask,C:\Users\Zhifei Chen\Desktop\pysmell\subjects_for_metrics\flask\tests\test_templating.py,282,2,0,0,0
flask,C:\Users\Zhifei Chen\Desktop\pysmell\subjects_for_metrics\flask\tests\test_templating.py,283,2,0,0,0
flask,C:\Users\Zhifei Chen\Desktop\pysmell\subjects_for_metrics\flask\tests\test_templating.py,322,2,0,0,0
flask,C:\Users\Zhifei Chen\Desktop\pysmell\subjects_for_metrics\flask\tests\test_templating.py,327,2,0,0,0
flask,C:\Users\Zhifei Chen\Desktop\pysmell\subjects_for_metrics\flask\tests\test_templating.py,332,2,0,0,0
flask,C:\Users\Zhifei Chen\Desktop\pysmell\subjects_for_metrics\flask\tests\test_templating.py,337,2,0,0,0
flask,C:\Users\Zhifei Chen\Desktop\pysmell\subjects_for_metrics\flask\tests\test_templating.py,342,2,0,0,0
flask,C:\Users\Zhifei Chen\Desktop\pysmell\subjects_for_metrics\flask\tests\test_templating.py,347,2,0,0,0
flask,C:\Users\Zhifei Chen\Desktop\pysmell\subjects_for_metrics\flask\tests\test_templating.py,370,2,0,0,0
flask,C:\Users\Zhifei Chen\Desktop\pysmell\subjects_for_metrics\flask\tests\test_templating.py,371,2,0,0,0
flask,C:\Users\Zhifei Chen\Desktop\pysmell\subjects_for_metrics\flask\tests\test_templating.py,379,2,0,0,0
flask,C:\Users\Zhifei Chen\Desktop\pysmell\subjects_for_metrics\flask\tests\test_templating.py,385,2,0,0,0
flask,C:\Users\Zhifei Chen\Desktop\pysmell\subjects_for_metrics\flask\tests\test_testing.py,25,2,0,0,0
flask,C:\Users\Zhifei Chen\Desktop\pysmell\subjects_for_metrics\flask\tests\test_testing.py,28,2,0,0,0
flask,C:\Users\Zhifei Chen\Desktop\pysmell\subjects_for_metrics\flask\tests\test_testing.py,38,2,0,0,0
flask,C:\Users\Zhifei Chen\Desktop\pysmell\subjects_for_metrics\flask\tests\test_testing.py,41,2,0,0,0
flask,C:\Users\Zhifei Chen\Desktop\pysmell\subjects_for_metrics\flask\tests\test_testing.py,52,2,0,0,0
flask,C:\Users\Zhifei Chen\Desktop\pysmell\subjects_for_metrics\flask\tests\test_testing.py,59,2,0,0,0
flask,C:\Users\Zhifei Chen\Desktop\pysmell\subjects_for_metrics\flask\tests\test_testing.py,67,2,0,0,0
flask,C:\Users\Zhifei Chen\Desktop\pysmell\subjects_for_metrics\flask\tests\test_testing.py,73,2,0,0,0
flask,C:\Users\Zhifei Chen\Desktop\pysmell\subjects_for_metrics\flask\tests\test_testing.py,118,2,0,0,0
flask,C:\Users\Zhifei Chen\Desktop\pysmell\subjects_for_metrics\flask\tests\test_testing.py,121,2,0,0,0
flask,C:\Users\Zhifei Chen\Desktop\pysmell\subjects_for_metrics\flask\tests\test_testing.py,140,2,0,0,0
flask,C:\Users\Zhifei Chen\Desktop\pysmell\subjects_for_metrics\flask\tests\test_testing.py,149,2,0,0,0
flask,C:\Users\Zhifei Chen\Desktop\pysmell\subjects_for_metrics\flask\tests\test_testing.py,157,2,0,0,0
flask,C:\Users\Zhifei Chen\Desktop\pysmell\subjects_for_metrics\flask\tests\test_testing.py,209,2,0,0,0
flask,C:\Users\Zhifei Chen\Desktop\pysmell\subjects_for_metrics\flask\tests\test_testing.py,210,2,0,0,0
flask,C:\Users\Zhifei Chen\Desktop\pysmell\subjects_for_metrics\flask\tests\test_views.py,31,2,0,0,0
flask,C:\Users\Zhifei Chen\Desktop\pysmell\subjects_for_metrics\flask\tests\test_views.py,34,2,0,0,0
flask,C:\Users\Zhifei Chen\Desktop\pysmell\subjects_for_metrics\flask\tests\test_views.py,42,2,0,0,0
flask,C:\Users\Zhifei Chen\Desktop\pysmell\subjects_for_metrics\flask\tests\test_views.py,55,2,0,0,0
flask,C:\Users\Zhifei Chen\Desktop\pysmell\subjects_for_metrics\flask\tests\test_views.py,75,2,0,0,0
flask,C:\Users\Zhifei Chen\Desktop\pysmell\subjects_for_metrics\flask\tests\test_views.py,101,2,0,0,0
flask,C:\Users\Zhifei Chen\Desktop\pysmell\subjects_for_metrics\flask\tests\test_views.py,115,2,0,0,0
flask,C:\Users\Zhifei Chen\Desktop\pysmell\subjects_for_metrics\flask\tests\test_views.py,118,2,0,0,0
flask,C:\Users\Zhifei Chen\Desktop\pysmell\subjects_for_metrics\flask\tests\test_views.py,133,2,0,0,0
flask,C:\Users\Zhifei Chen\Desktop\pysmell\subjects_for_metrics\flask\tests\test_views.py,151,2,0,0,0
flask,C:\Users\Zhifei Chen\Desktop\pysmell\subjects_for_metrics\flask\tests\test_views.py,154,2,0,0,0
